1141646
2673472
4058110
5272678
6389520
7468248
8468496
9434114
10332728
11201834
12079752
12896668
13689576
14445054
15172982
15922924
16615864
17302338
17952652
18572334
19202916
19816344
20410622
20986520
21554424
22096378
22613860
23166576
23689978
24223176
24716668
25170782
25677740
26137712
26559358
26976782
27414846
27826148
28236382
28636854
29055216
29423104
29808920
30167122
30495232
30876814
31179662
31518040
31882400
32194244
32510456
32810940
33096894
33388130
33711876
33965572
34244800
34509920
34786880
35051888
35307208
35542698
35810640
36068798
36321480
36554016
36776286
37017722
37213172
37436738
37629820
37837764
38000412
38203090
38400154
38563052
38704910
38886034
39055620
39218138
39380380
39530418
39642748
39786812
39915332
40003910
40160426
40305954
40437638
40546782
40647722
40777270
40857598
40955804
41046892
41141642
41243380
41299818
41363040
41439402
41515980
41591298
41653694
41710256
41761650
41841714
41893660
41950374
42006114
41993728
42029416
42100696
42147530
42201102
42245176
42285888
42318654
42364256
42366318
42391802
42411248
42438956
42449778
42446614
42450514
42445710
42436328
42400944
42370986
42361890
42326052
42325162
42294854
42299552
42280112
42271224
42219694
42184276
42156762
42132186
42054018
42014732
41947836
41893496
41841812
41777652
41718754
41662216
41610636
41559416
41499352
41450302
41347574
41256334
41193600
41141270
41056842
40973130
40886450
40768072
40672476
40570806
40517258
40420578
40362732
40278062
40166198
40076522
39989172
39915442
39795840
39683472
39597292
39486822
39386622
39282432
39163898
39051996
38918420
38797944
38644434
38469092
38334556
38170438
38072482
37932352
37799108
37648104
37496292
37347232
37197290
37078832
36943840
36798080
36619134
36454030
36320606
36173388
36019320
35897214
35733036
35550754
35392504
35246350
35085388
34898584
34733196
34579714
34432424
34270218
34075576
33909986
33749364
33553208
33374234
33190630
33034054
32850130
32658568
32440474
32278506
32116532
31901674
31748614
31555356
31349762
31171364
30995540
30802062
30618378
30387370
30169174
29957816
29725720
29517658
29328708
29115182
28871264
28674188
28463056
28261064
28045816
27850156
27663534
27462200
27260794
27053528
26862784
26636780
26454442
26247326
26014884
25812418
25597990
25386854
25201102
24986290
24790866
24559004
24330216
24121796
23897274
23691094
23461970
23241244
22984674
22734640
22475956
22209910
21940378
21692316
21459024
21236710
20987826
20769132
20512438
20295162
20072564
19859944
19631220
19377616
19133488
18908180
18666688
18442462
18222246
17949950
17714034
17461854
17223648
16972698
16733486
16493374
16245474
16015970
15800418
15557690
15326596
15104704
14838796
14559444
14315886
14054622
13785120
13545960
13277592
13030870
12814476
12566580
12308588
12039668
11774510
11527112
11249476
10996738
10767256
10514208
10252512
9976540
9740690
9503456
9256574
8988434
8745076
8532016
8282374
8031844
7770794
7527438
7274844
7034416
6798736
6579818
6327756
6079648
5817314
5575994
5323310
5075580
4851652
4627210
4390598
4166720
3955350
3724196
3480952
3257486
3000856
2774394
2546580
2296768
2053372
1818562
1544772
1291834
1054806
814474
591848
363882
132074
0
0
0
0
0
0
0
0
0
0
0
0
0
0
0
0
0
0
0
0
0
0
0
0
0
0
0
0
0
0
0
0
0
0
0
0
0
0
0
0
0
0
0
0
0
0
0
0
0
0
0
0
0
0
0
0
0
0
0
0
0
0
0
0
0
0
0
0
0
0
0
0
0
0
0
0
0
0
0
0
0
0
0
0
0
0
0
0
0
0
0
0
0
0
0
0
0
0
0
0
0
0
0
0
0
0
0
0
0
0
0
0
0
0
0
0
0
0
0
0
0
0
0
0
0
0
0
0
0
0
0
0
0
0
0
0
0
0
0
0
0
0
0
0
0
0
0
0
0
0
0
0
0
0
0
0
0
0
0
0
0
0
0
0
0
0
0
0
0
0
0
0
0
0
0
0
0
0
0
0
0
0
0
0
0
0
0
0
0
0
0
0
0
0
0
0
0
0
0
0
0
0
0
0
0
0
0
0
0
0
0
0
0
0
0
0
0
0
0
0
0
0
0
0
0
0
0
0
0
0
0
0
0
0
0
0
0
0
0
0
0
0
0
0
0
0
0
0
0
0
0
0
0
0
0
0
0
0
0
0
0
0
0
0
0
0
0
0
0
0
0
0
0
0
0
0
0
0
0
0
0
0
0
0
0
0
0
0
0
0
0
0
0
0
0
0
0
0
0
0
0
0
0
0
0
0
0
0
0
0
0
0
0
0
0
0
0
0
0
0
0
0
0
0
0
0
0
0
0
0
0
0
0
0
0
0
0
0
0
0
0
0
0
0
0
0
0
0
0
0
0
0
0
0
0
0
0
0
0
0