397662
1183041
1946001
2673826
3384875
4079237
4759616
5439840
6118602
6763041
7400750
8043539
8700033
9351876
10001943
10650925
11287697
11904704
12512458
13076839
13664829
14255459
14840940
15397658
15937627
16497033
17033836
17576928
18131908
18653689
19181506
19738346
20287319
20797340
21323482
21848749
22405973
22947576
23474414
23961450
24461562
24916637
25410007
25898633
26414937
26912258
27424469
27917490
28434014
28919357
29421958
29903753
30372914
30802036
31215206
31614360
32062211
32487044
32966854
33374533
33806230
34230158
34634141
35055345
35503970
35899907
36244541
36590343
36962427
37369510
37750523
38102208
38442198
38743134
39061585
39412332
39757309
40098178
40479873
40791966
41119237
41424535
41709054
41985573
42285381
42599316
42910332
43205782
43529868
43770827
43989478
44238436
44474777
44714760
44962251
45160035
45342947
45462914
45629519
45772544
45876715
46065434
46222932
46393300
46500928
46605829
46796450
46984172
47068220
47091233
47136343
47211257
47287476
47267922
47314869
47388785
47451522
47522771
47574132
47618893
47660557
47690273
47742280
47796433
47859292
47887026
47907519
47980023
48048894
48084271
48110573
48126969
48116690
48093983
48129967
48119338
48143866
48140250
48120250
48103341
48079778
48039905
48034318
48046924
47999218
47914211
47844914
47755674
47706022
47654222
47623863
47535985
47481595
47333070
47279492
47148082
47008994
46906571
46807013
46675443
46560019
46432591
46250778
46032782
45840748
45689837
45477921
45269442
45002338
44761542
44536100
44230071
43937124
43744856
43490085
43292140
43103167
42856324
42602894
42421941
42224935
42047197
41868181
41666579
41466615
41307959
41105775
40848438
40641296
40379357
40071089
39692249
39392468
39087862
38815419
38565584
38279836
38014989
37755086
37459910
37188451
36961808
36746387
36523070
36244279
35951119
35751263
35460323
35166913
34953438
34713328
34472076
34234236
33968288
33727641
33517511
33303939
33072244
32828213
32540890
32281695
31951666
31607730
31320895
31051185
30817400
30511393
30223625
29936937
29674308
29390294
29131221
28847127
28588384
28261903
27936663
27652854
27332287
27085946
26847396
26583925
26317313
26071632
25809274
25525054
25274216
25025063
24795226
24578828
24339021
24109291
23846626
23573587
23304035
23061383
22819955
22599672
22348349
22103357
21890179
21670010
21469261
21258801
21036770
20770145
20530354
20276919
20006061
19693842
19442659
19191551
18959857
18740665
18493737
18194636
17913670
17603936
17260754
16926016
16617802
16357669
16117606
15845034
15565023
15325342
15127802
14925728
14692110
14453160
14207294
13937502
13622561
13333445
13067353
12795162
12496706
12209083
11920950
11593480
11287870
11036694
10796261
10563525
10314761
10042432
9694066
9303732
8965569
8676108
8423210
8175154
7933317
7699666
7469686
7266109
7099044
6914314
6751473
6618108
6461760
6304153
6156827
6035702
5903981
5769137
5630677
5479725
5354344
5217862
5069907
4908583
4689496
4517610
4348214
4165862
3965286
3781623
3607763
3434056
3249063
3078420
2930584
2751085
2563454
2390948
2248411
2109281
1977139
1837383
1672748
1487902
1331978
1185574
1038219
892741
715977
528682
363504
214580
69852
0
0
0
0
0
0
0
0
0
0
0
0
0
0
0
0
0
0
0
0
0
0
0
0
0
0
0
0
0
0
0
0
0
0
0
0
0
0
0
0
0
0
0
0
0
0
0
0
0
0
0
0
0
0
0
0
0
0
0
0
0
0
0
0
0
0
0
0
0
0
0
0
0
0
0
0
0
0
0
0
0
0
0
0
0
0
0
0
0
0
0
0
0
0
0
0
0
0
0
0
0
0
0
0
0
0
0
0
0
0
0
0
0
0
0
0
0
0
0
0
0
0
0
0
0
0
0
0
0
0
0
0
0
0
0
0
0
0
0
0
0
0
0
0
0
0
0
0
0
0
0
0
0
0
0
0
0
0
0
0
0
0
0
0
0
0
0
0
0
0
0
0
0
0
0
0
0
0
0
0
0
0
0
0
0
0
0
0
0
0
0
0
0
0
0
0
0
0
0
0
0
0
0
0
0
0
0
0
0
0
0
0
0
0
0
0
0
0
0
0
0
0
0
0
0
0
0
0
0
0
0
0
0
0
0
0
0
0
0
0
0
0
0
0
0
0
0
0
0
0
0
0
0
0
0
0
0
0
0
0
0
0
0
0
0
0
0
0
0
0
0
0
0
0
0
0
0
0
0
0
0
0
0
0
0
0
0
0
0
0
0
0
0
0
0
0
0
0
0
0
0
0
0
0
0
0
0
0
0
0
0
0
0
0
0
0
0
0
0
0
0
0
0
0
0
0
0
0
0
0
0
0
0
0
0
0
0
0
0
0
0
0
0
0
0
0
0
0
0
0
0
0
0
0
0
0
0
0
0
0