1.14464
1.07058
1.02973
0.988435
0.948076
0.91555
0.883056
0.852338
0.82106
0.79626
0.774849
0.75123
0.725639
0.699442
0.67348
0.653133
0.632751
0.61474
0.595046
0.5798
0.565498
0.551538
0.539189
0.529172
0.51963
0.506585
0.494021
0.482402
0.472005
0.463649
0.450195
0.431628
0.417703
0.407596
0.39618
0.38615
0.375612
0.369954
0.363869
0.360263
0.352671
0.344012
0.331155
0.314925
0.301858
0.296519
0.286535
0.279471
0.271975
0.261249
0.249759
0.237423
0.226413
0.217054
0.213563
0.204764
0.193208
0.187801
0.177728
0.1696
0.161525
0.15668
0.151354
0.14005
0.124858
0.11286
0.108793
0.105394
0.0973058
0.0895365
0.0846761
0.0831395
0.0799821
0.0817314
0.0835164
0.0806343
0.0759476
0.0687209
0.0595605
0.0558194
0.0545861
0.0517026
0.0469367
0.0430479
0.0384989
0.0346171
0.0315079
0.0305798
0.0296434
0.0302482
0.0317345
0.0305686
0.0256746
0.0237604
0.0223572
0.017547
0.0133603
0.0122677
0.00705268
0.00747483
0.0102372
0.0107521
0.0116686
0.0137739
0.0161687
0.0189886
0.0199695
0.0176785
0.0149251
0.0142843
0.0132526
0.0128518
0.0157705
0.019571
0.0210783
0.0196388
0.018874
0.0166069
0.0133056
0.0122222
0.00702214
0.00615557
0.00437854
0.00253028
-0.000401527
-0.000687236
-0.0012219
-0.00392474
-0.0053484
-0.00514871
-0.00768438
-0.00909142
-0.00644906
0.00067531
0.000853294
0.00265852
0.00177166
0.00450027
0.00778279
0.00422746
-0.00348405
-0.00712079
-0.0113222
-0.0143226
-0.0178063
-0.0193944
-0.0250197
-0.0304117
-0.0396877
-0.0471705
-0.0525492
-0.0518082
-0.0531929
-0.0516652
-0.0553946
-0.0600208
-0.0632582
-0.0671007
-0.0702822
-0.0718636
-0.0758275
-0.0793956
-0.0784094
-0.0817911
-0.0854059
-0.0903521
-0.090504
-0.0834244
-0.0760439
-0.0718253
-0.0724161
-0.0649541
-0.0579574
-0.0602331
-0.0559206
-0.0505051
-0.0470165
-0.0452044
-0.0452142
-0.04563
-0.0458509
-0.0525571
-0.0582574
-0.0555124
-0.0529762
-0.0511377
-0.0531763
-0.0573502
-0.0691602
-0.0750962
-0.0758062
-0.0700345
-0.0715166
-0.0751885
-0.0821804
-0.0881699
-0.0909176
-0.0964408
-0.106887
-0.11299
-0.115368
-0.122355
-0.129455
-0.136174
-0.137104
-0.135418
-0.136464
-0.137976
-0.136734
-0.143253
-0.152872
-0.16022
-0.166746
-0.169488
-0.178079
-0.18873
-0.192285
-0.198171
-0.200144
-0.208695
-0.219878
-0.225315
-0.230073
-0.230577
-0.238155
-0.249848
-0.255714
-0.264929
-0.271835
-0.279138
-0.2867
-0.29269
-0.296709
-0.305539
-0.299103
-0.295446
-0.29831
-0.298461
-0.300476
-0.304582
-0.309496
-0.31728
-0.327737
-0.326949
-0.32407
-0.324959
-0.326679
-0.32797
-0.33381
-0.336514
-0.349401
-0.364066
-0.358928
-0.34749
-0.351339
-0.358131
-0.365087
-0.37031
-0.368598
-0.377002
-0.38431
-0.398366
-0.408848
-0.414912
-0.414837
-0.422646
-0.429917
-0.438173
-0.439001
-0.453454
-0.467604
-0.468941
-0.483813
-0.496219
-0.492948
-0.486973
-0.473813
-0.465065
-0.467031
-0.471553
-0.478115
-0.472505
-0.468725
-0.465962
-0.454223
-0.463597
-0.475
-0.471859
-0.467436
-0.460069
-0.446922
-0.418585
-0.402938
-0.408607
-0.418887
-0.418292
-0.416871
-0.399763
-0.359959
-0.339994
-0.335063
-0.336906
-0.344464
-0.359033
-0.362286
-0.319615
-0.237595
-0.175637
-0.127558
-0.0884028
-0.0637347
-0.0372796
-0.00988336
0.020855
0.0334345
0.0418239
0.0433752
0.0212608
-0.0238634
-0.0542789
-0.0516231
-0.0511505
-0.0927829
-0.123428
-0.139127
-0.179146
-0.202936
-0.250646
-0.28792
-0.333961
-0.366425
-0.30872
-0.303336
-0.296328
-0.307528
-0.292339
-0.274916
-0.26653
-0.28595
-0.247102
-0.257657
-0.352049
-0.33989
-0.294954
-0.274061
-0.337523
-0.390269
-0.558068
-0.63509
-0.570332
-0.473404
-0.531268
-0.582906
-0.855611
-1.16207
-1.12251
-1.10152
-1.25922
-2.06297
-2.12961
0
0
0
0
0
0
0
0
0
0
0
0
0
0
0
0
0
0
0
0
0
0
0
0
0
0
0
0
0
0
0
0
0
0
0
0
0
0
0
0
0
0
0
0
0
0
0
0
0
0
0
0
0
0
0
0
0
0
0
0
0
0
0
0
0
0
0
0
0
0
0
0
0
0
0
0
0
0
0
0
0
0
0
0
0
0
0
0
0
0
0
0
0
0
0
0
0
0
0
0
0
0
0
0
0
0
0
0
0
0
0
0
0
0
0
0
0
0
0
0
0
0
0
0
0
0
0
0
0
0
0
0
0
0
0
0
0
0
0
0
0
0
0
0
0
0
0
0
0
0
0
0
0
0
0
0
0
0
0
0
0
0
0
0
0
0
0
0
0
0
0
0
0
0
0
0
0
0
0
0
0
0
0
0
0
0
0
0
0
0
0
0
0
0
0
0
0
0
0
0
0
0
0
0
0
0
0
0
0
0
0
0
0
0
0
0
0
0
0
0
0
0
0
0
0
0
0
0
0
0
0
0
0
0
0
0
0
0
0
0
0
0
0
0
0
0
0
0
0
0
0
0
0
0
0
0
0
0
0
0
0
0
0
0
0
0
0
0
0
0
0
0
0
0
0
0
0
0
0
0
0
0
0
0
0
0
0
0
0
0
0
0
0
0
0
0
0
0
0
0
0
0
0
0
0
0
0
0
0
0
0
0
0
0
0
0
0
0
0
0
0
0
0
0
0
0
0
0
0
0
0
0
0
0
0
0
0
0
0
0
0
0
0
0
0
0
0
0
0
0
0
0
0
0
0
0
0
0
0
0