2394446
4355278
5588086
6482812
7322852
8173208
8984942
9789694
10643124
11407892
12088546
12824762
13524094
14169288
14795138
15507192
16227504
16890058
17464374
18042214
18703578
19387556
20119454
20833092
21485156
22086236
22636944
23159430
23814300
24394828
24820332
25169996
25582972
26091946
26643052
27239086
27862640
28678854
29416014
30146828
30692120
31113654
31413978
31573370
31991534
32620236
33175080
33748728
34319752
34713276
35100008
35401748
35741198
36038184
36517296
36798052
37035122
37508266
37878988
38170954
38528594
39033370
39424722
39585908
39635226
39729682
40072370
40423358
40669018
40970656
41374676
41845680
42264382
42779626
43342854
43792814
44163840
44358686
44558020
44870440
45332622
45680452
45931222
46171936
46443448
46815332
47145702
47559994
48046350
48460722
48882504
49203690
49359230
49653504
49995366
50056780
50112028
50242364
50250402
50483042
50757060
51088878
51391840
51789686
52082310
52364268
52752678
52954116
52920168
52945014
52944926
53003002
53267482
53379424
53512512
53543204
53595952
53570934
53493714
53499868
53284034
53269492
53268020
53281064
53246692
53291714
53313566
53349720
53440982
53531038
53484100
53442902
53592894
53924832
54025924
54111302
54163992
54340766
54507958
54304064
53917684
53682812
53514898
53435024
53209160
53022430
52653692
52259816
51747662
51327872
51064952
50980460
50907686
50785946
50564390
50145138
49810242
49517370
49265116
49057378
48750902
48447832
48204602
47740266
47280712
46867074
46574466
46576724
46480914
46283332
45948918
45801666
45632230
45275788
45073032
45027722
44929988
44642610
44285060
44036548
43797298
43347100
42902420
42787484
42603770
42509720
42170000
41659590
40953918
40379160
39918796
39536728
39048482
38484086
37897288
37381236
36885520
36350878
35677404
35061054
34646732
34189608
33733316
33269362
32893360
32590342
32354160
31934706
31582942
31171294
30663500
30196130
29757212
29400356
28929336
28471040
28159234
27787650
27494904
27005422
26465660
25941728
25456844
25104628
24671404
24230972
23772474
23283294
22858166
22460616
22066690
21732402
21389878
21026602
20788308
20490716
20172790
19864532
19606440
19340854
19020124
18666346
18296620
18052700
17814700
17576124
17333960
17114592
16884618
16628034
16282228
15892460
15699694
15592016
15344718
15049216
14807154
14526516
14356086
14124994
13882890
13616778
13363054
13153874
12933676
12705924
12461698
12193364
11937294
11658398
11372814
11205816
10947888
10693386
10462612
10299382
10118456
9862320
9537692
9244918
9023466
8897576
8702712
8501826
8395014
8221770
8068816
7928876
7798954
7664666
7534824
7409946
7251578
7020574
6747792
6481738
6253552
6083388
5943016
5773864
5628158
5442892
5260406
5036230
4799948
4630548
4505994
4352248
4244248
4169258
4052364
3945054
3834324
3768488
3657776
3580586
3464702
3321042
3183702
3018964
2952436
2908318
2821210
2726374
2639090
2526388
2433718
2349102
2258126
2147716
2036518
1971588
1883936
1827216
1722392
1635220
1558732
1494016
1393936
1320240
1216254
1087660
996686
904710
830180
759516
691288
611926
550656
508756
460862
398744
349096
286518
228322
177690
115578
59826
21312
2438
0
0
0
0
0
0
0
0
0
0
0
0
0
0
0
0
0
0
0
0
0
0
0
0
0
0
0
0
0
0
0
0
0
0
0
0
0
0
0
0
0
0
0
0
0
0
0
0
0
0
0
0
0
0
0
0
0
0
0
0
0
0
0
0
0
0
0
0
0
0
0
0
0
0
0
0
0
0
0
0
0
0
0
0
0
0
0
0
0
0
0
0
0
0
0
0
0
0
0
0
0
0
0
0
0
0
0
0
0
0
0
0
0
0
0
0
0
0
0
0
0
0
0
0
0
0
0
0
0
0
0
0
0
0
0
0
0
0
0
0
0
0
0
0
0
0
0
0
0
0
0
0
0
0
0
0
0
0
0
0
0
0
0
0
0
0
0
0
0
0
0
0
0
0
0
0
0
0
0
0
0
0
0
0
0
0
0
0
0
0
0
0
0
0
0
0
0
0
0
0
0
0
0
0
0
0
0
0
0
0
0
0
0
0
0
0
0
0
0
0
0
0
0
0
0
0
0
0
0
0
0
0
0
0
0
0
0
0
0
0
0
0
0
0
0
0
0
0
0
0
0
0
0
0
0
0
0
0
0
0
0
0
0
0
0
0
0
0
0
0
0
0
0
0
0
0
0
0
0
0
0
0
0
0
0
0
0
0
0
0
0
0
0
0
0
0
0
0
0
0
0
0
0
0
0
0
0
0
0
0
0
0
0
0
0
0
0
0
0
0
0
0
0
0
0
0
0
0
0
0
0
0
0
0
0
0
0
0
0
0
0
0
0
0
0
0
0
0
0
0
0
0
0
0
0
0
0
0
0
0